101
202
303
404
505
606
707
808
909
111
212
313
414
515
616
717
818
919
121
222
323
424
525
626
727
828
929
131
232
333
434
535
636
737
838
939
141
242
343
444
545
646
747
848
949
151
252
353
454
555
656
757
858
959
161
262
363
464
565
666
767
868
969
171
272
373
474
575
676
777
878
979
181
282
383
484
585
686
787
888
989
191
292
393
494
595
696
797
898
999
1101
2102
3103
4104
5105
6106
7107
8108
9109
1111
2112
3113
4114
5115
6116
7117
8118
9119
1121
2122
3123
4124
5125
6126
7127
8128
9129
1131
2132
3133
4134
5135
6136
7137
8138
9139
1141
2142
3143
4144
5145
6146
7147
8148
9149
1151
2152
3153
4154
5155
6156
7157
8158
9159
1161
2162
3163
4164
5165
6166
7167
8168
9169
1171
2172
3173
4174
5175
6176
7177
8178
9179
1181
2182
3183
4184
5185
6186
7187
8188
9189
1191
2192
3193
4194
5195
6196
7197
8198
9199
